10 8
46 13
75 82
16 72
92 87
33 77
68 88
92 11
84 78
52 36
82 12
496 940
852 515
460 631
337 660
605 264
102 796
663 178
314 780
906 206
618 311
3226 8638
2173 3745
5630 9303
9973 8734
8969 8942
1928 8862
9241 6984
2637 4616
7673 6542
7968 2062
73520 20589
75578 70108
62225 37088
97687 39626
68714 74968
69447 42366
72430 55344
73557 70855
22565 96532
8 50214
81 766196
24 830061
54 612265
85 977466
12 147766
27 464222
71 204644
77 490442
77 614840
37 746095
638 8623572
145 6175527
858 4290927
940 3437936
523 5698511
739 8310741
421 2496699
868 5493588
249 8622841
488 7726215
6371 72721982
5389 18037699
8486 57292690
4900 72737597
1695 25336286
5183 59281273
9965 29764130
9910 25154269
5456 82963752
2281 41529974
16249 234261997
748414803 269848600
227749502 836407835
367960971 152694327
282363145 766213668
326959427 231015679
946005316 220292687
826941437 721663046
975448561 809781324
208952394 805757193
10 17
46 13
75 82
16 72
92 87
33 77
68 88
92 11
84 78
52 36
82 12
496 940
852 515
460 631
337 660
605 264
102 796
663 178
314 780
906 206
618 311
3226 8638
2173 3745
5630 9303
9973 8734
8969 8942
1928 8862
9241 6984
2637 4616
7673 6542
7968 2062
73520 20589
75578 70108
62225 37088
97687 39626
68714 74968
69447 42366
72430 55344
73557 70855
22565 96532
82587 50214
887531 766196
252254 830061
507264 612265
843445 977466
171022 147766
200237 464222
794521 204644
784527 490442
752387 614840
393587 746095
6601238 8623572
1082345 6175527
8338758 4290927
9745240 3437936
5066023 5698511
7963939 8310741
4685921 2496699
8224968 5493588
2905349 8622841
4227988 7726215
62527371 72721982
56864389 18037699
87569486 57292690
40569900 72737597
19703695 25336286
51981183 59281273
98531965 29764130
91362910 25154269
57560456 82963752
23474281 41529974
196336249 234261997
748414803 269848600
227749502 836407835
367960971 152694327
282363145 766213668
326959427 231015679
946005316 220292687
826941437 721663046
975448561 809781324
208952394 805757193
2196336249 1234261997
3748414803 2269848600
4227749502 4836407835
5367960971 5152694327
6282363145 6766213668
7326959427 7231015679
8946005316 8220292687
9826941437 9721663046
1975448561 8009781324
3208952394 1805757193
51097612677 83141531265
21012231378 57706168489
12156404383 27450499904
97837442267 10231342508
97776257788 36333300748
94067264679 37918612700
66061926750 63136372555
96968863702 75199168237
28667626732 27653324199
80831771510 61539423130
982934243479 879754295848
562606272073 125823104790
247435247765 191084873474
158676576893 413202181405
440814664834 303658799884
906525748448 684199720632
268489629366 355648855840
899435930008 531744225637
872273466618 412209502704
869339413093 277469597395
5821097612677 8314153126815
2791012231378 5770616848989
1232156404383 2745049990884
9957837442267 1023134250548
9237776257788 3633330074368
9254067264679 3791861270140
6206061926750 6313637255195
9656968863702 7519916823667
2688667626732 2765332419469
8780831771510 6153942313035
94382934243479 87975429580148
58062606272073 12582310478590
29647435247765 19108487340474
16258676576893 41320218143105
40040814664834 30365879986184
91306525748448 68419972062332
25268489629366 35564885580840
85899435930008 53174422563467
82772273466618 41220950270472
85869339413093 27746959739583
548443999827007 305220329381395
838381102238253 363684088183583
620762410861509 239566810180035
394026585244269 921081968355941
420625715980458 582377924199531
548443999827007 305220329381395
838381102238253 363684088183583
620762410861509 239566810180035
394026585244269 921081968355941
851625715980458 582377924524199
5824471097612677 8314153126815523
2797501012231378 5770616848671989
1230072156404383 2745049990193884
9953247837442267 1023134250534548
9230227776257788 3633330074065368
9258754067264679 3791861270743140
6206736061926750 6313637255794195
9655076968863702 7519916823145667
2688268667626732 2765332419873469
8786450831771510 6153942313377035
94386482934243479 87975429529080148
58024662606272073 12582310465478590
29636747435247765 19108487386840474
16209758676576893 41320218134343105
40028840814664834 30365879961486184
91380106525748448 68419972041962332
25226668489629366 35564885557280840
85827599435930008 53174422526463467
82743272273466618 41220950226770472
85896369339413093 27746959767539583
548783443999827007 305220325179381395
838233381102238253 363684087848183583
620111762410861509 239566811570180035
394954026585244269 921081961888355941
420851625715980458 582377924524199531
548783443999827007 305220325179381395
838233381102238253 363684087848183583
620111762410861509 239566811570180035
394954026585244269 921081961888355941
420851625715980458 582377924524199531
10 8
46 13
75 82
16 72
92 87
33 77
68 88
92 11
84 78
52 36
82 12
496 940
852 515
460 631
337 660
605 264
102 796
663 178
314 780
906 206
618 311
3226 8638
2173 3745
5630 9303
9973 8734
8969 8942
1928 8862
9241 6984
2637 4616
7673 6542
7968 2062
73520 20589
75578 70108
62225 37088
97687 39626
68714 74968
69447 42366
72430 55344
73557 70855
22565 96532
82587 50214
887531 766196
252254 830061
507264 612265
843445 977466
171022 147766
200237 464222
794521 204644
784527 490442
752387 614840
37 746095
638 8623572
145 6175527
858 4290927
940 3437936
523 5698511
739 8310741
421 2496699
868 5493588
249 8622841
488 7726215
6371 72721982
5389 18037699
8486 57292690
4900 72737597
1695 25336286
5183 59281273
9965 29764130
9910 25154269
5456 82963752
2281 41529974
16249 234261997
74803 269848600
29502 836407835
30971 152694327
23145 766213668
39427 231015679
95316 220292687
81437 721663046
98561 809781324
22394 805757193